0,1
1,[ 1.50856471]
0,1
1,[ 2.04317069]
0,1
1,[ 1.17101109]
0,1
1,[ 1.55242085]
0,2
1,[ 1.30202723]
0,3
1,[ 1.2425226]
0,4
1,[ 1.13952971]
0,5
1,[ 1.06299639]
0,6
1,[ 1.07054758]
0,7
1,[ 1.07719469]
0,8
1,[ 1.03545046]
0,9
1,[ 1.15340555]
0,10
1,[ 1.14769852]
0,1
1,[ 1.30258071]
0,2
1,[ 1.22049797]
0,3
1,[ 1.13615453]
0,1
1,[ 1.50458872]
0,2
1,[ 1.40417421]
0,3
1,[ 1.30326807]
0,1
1,[ 1.39124823]
0,2
1,[ 1.25196481]
0,3
1,[ 1.17796409]
0,1
1,[ 1.20937026]
0,2
1,[ 1.12949193]
0,3
1,[ 1.16069746]
0,1
1,[ 1.28726232]
0,2
1,[ 1.24742711]
0,3
1,[ 1.13249373]
0,1
1,[ 1.38128638]
0,2
1,[ 1.26392353]
0,3
1,[ 1.16751897]
0,1
1,[ 1.74918056]
0,2
1,[ 1.19074214]
0,3
1,[ 1.45652878]
0,1
1,[ 1.86699569]
0,2
1,[ 1.51559341]
0,3
1,[ 1.51403821]
0,4
1,[ 1.32809401]
0,5
1,[ 1.42033911]
0,1
1,[ 1.31008589]
0,2
1,[ 1.7601428]
0,3
1,[ 1.26031673]
0,4
1,[ 1.06465316]
0,5
1,[ 1.56659651]
0,6
1,[ 1.32300615]
0,7
1,[ 1.11140621]
0,8
1,[ 1.10434794]
0,9
1,[ 1.1599685]
0,10
1,[ 1.3201046]
0,11
1,[ 1.22751057]
0,12
1,[ 1.15382385]
0,13
1,[ 1.06140232]
0,14
1,[ 1.09408784]
0,15
1,[ 1.15115118]
0,16
1,[ 1.22513545]
0,17
1,[ 1.19953346]
0,18
1,[ 1.13737786]
0,19
1,[ 1.05441308]
0,20
1,[ 1.05388331]
0,21
1,[ 1.1104455]
0,22
1,[ 1.12606609]
0,23
1,[ 1.06416619]
0,24
1,[ 1.01235509]
0,25
1,[ 1.02241743]
0,26
1,[ 1.09652281]
0,27
1,[ 1.11207902]
0,28
1,[ 1.08551407]
0,29
1,[ 1.03795099]
0,30
1,[ 1.05888033]
0,31
1,[ 0.97053081]
0,32
1,[ 1.02703667]
0,33
1,[ 1.15482473]
0,34
1,[ 1.06942463]
0,35
1,[ 1.016711]
0,36
1,[ 1.06208205]
0,37
1,[ 1.01587856]
0,38
1,[ 1.04990351]
0,39
1,[ 1.02445388]
0,40
1,[ 1.04337406]
0,41
1,[ 1.01134503]
0,42
1,[ 0.98202252]
0,43
1,[ 1.04470098]
0,44
1,[ 1.09437096]
0,45
1,[ 0.99702024]
0,46
1,[ 1.07164001]
0,47
1,[ 1.02952743]
0,48
1,[ 1.02250743]
0,49
1,[ 1.02034116]
0,50
1,[ 1.07911527]
0,51
1,[ 1.07749104]
0,52
1,[ 1.00756717]
0,53
1,[ 1.02824795]
0,54
1,[ 1.07465768]
0,55
1,[ 1.06148565]
0,56
1,[ 1.0235014]
0,57
1,[ 1.03311825]
0,58
1,[ 1.09288597]
0,59
1,[ 1.04621029]
0,60
1,[ 1.02514863]
0,61
1,[ 0.99434304]
0,62
1,[ 1.05773747]
0,63
1,[ 1.02978134]
0,64
1,[ 1.05761731]
0,65
1,[ 1.03035235]
0,66
1,[ 1.00783098]
0,67
1,[ 1.09178221]
0,68
1,[ 1.00063682]
0,69
1,[ 1.02981222]
0,70
1,[ 1.02477574]
0,71
1,[ 1.03656721]
0,72
1,[ 1.04689765]
0,73
1,[ 1.05032933]
0,74
1,[ 1.05331242]
0,75
1,[ 1.00281048]
0,76
1,[ 1.11592484]
0,77
1,[ 1.12926233]
0,78
1,[ 1.05367291]
0,79
1,[ 1.02425027]
0,80
1,[ 1.06451249]
0,81
1,[ 1.04280996]
0,82
1,[ 1.00515497]
0,83
1,[ 0.96784228]
0,84
1,[ 1.02879441]
0,85
1,[ 1.03360438]
0,86
1,[ 1.01952744]
0,87
1,[ 0.9784562]
0,88
1,[ 1.02657485]
0,89
1,[ 1.00150299]
0,90
1,[ 1.04633868]
0,91
1,[ 1.0316745]
0,92
1,[ 1.00219274]
0,93
1,[ 1.04149806]
0,94
1,[ 1.0556736]
0,95
1,[ 1.03575587]
0,1
1,[ 1.19108057]
0,2
1,[ 1.92393637]
0,3
1,[ 1.14996231]
0,4
1,[ 1.3686074]
0,5
1,[ 1.53013134]
0,6
1,[ 1.29893756]
0,7
1,[ 1.11518252]
0,8
1,[ 1.18837297]
0,9
1,[ 1.27305627]
0,10
1,[ 1.1938535]
0,11
1,[ 1.13313508]
0,12
1,[ 1.03662264]
0,13
1,[ 1.04932988]
0,14
1,[ 1.14256632]
0,15
1,[ 1.17519009]
0,16
1,[ 1.03256202]
0,17
1,[ 1.13546121]
0,18
1,[ 1.0388943]
0,19
1,[ 1.12462807]
0,20
1,[ 1.19769454]
0,21
1,[ 1.01208508]
0,22
1,[ 1.07730246]
0,23
1,[ 1.06776166]
0,24
1,[ 1.0304358]
0,25
1,[ 1.07140708]
0,26
1,[ 1.06214392]
0,27
1,[ 1.04214227]
0,28
1,[ 1.04752481]
0,29
1,[ 1.05819666]
0,30
1,[ 1.02544534]
0,31
1,[ 1.0418762]
0,32
1,[ 0.99478239]
0,33
1,[ 1.02462506]
0,34
1,[ 1.02967012]
0,35
1,[ 1.01237833]
0,36
1,[ 1.02677774]
0,37
1,[ 1.05413389]
0,38
1,[ 1.08743238]
0,39
1,[ 1.00987852]
0,40
1,[ 1.04365075]
0,41
1,[ 1.02648485]
0,42
1,[ 1.00355709]
0,43
1,[ 1.03037071]
0,44
1,[ 1.02466214]
0,45
1,[ 1.03750932]
0,46
1,[ 1.05919659]
0,47
1,[ 1.04752982]
0,48
1,[ 1.08656418]
0,49
1,[ 1.02151239]
0,50
1,[ 1.00576806]
0,51
1,[ 1.04939806]
0,52
1,[ 1.10759807]
0,53
1,[ 1.07113123]
0,54
1,[ 1.0230037]
0,55
1,[ 1.08178926]
0,56
1,[ 1.01053894]
0,57
1,[ 1.09327865]
0,58
1,[ 1.01124895]
0,59
1,[ 1.01505101]
0,60
1,[ 1.00572956]
0,61
1,[ 1.082232]
0,62
1,[ 1.03180122]
0,63
1,[ 1.07735252]
0,64
1,[ 1.07305324]
0,65
1,[ 0.96082866]
0,66
1,[ 1.12444437]
0,67
1,[ 0.97377878]
0,68
1,[ 0.99108601]
0,69
1,[ 1.04028821]
0,70
1,[ 1.04517412]
0,71
1,[ 0.99197102]
0,72
1,[ 0.97207797]
0,73
1,[ 1.03576398]
0,74
1,[ 1.06715703]
0,75
1,[ 1.01412153]
0,76
1,[ 1.06717086]
0,77
1,[ 1.08359253]
0,78
1,[ 1.12467265]
0,79
1,[ 1.04551375]
0,80
1,[ 1.03553879]
0,81
1,[ 1.03479946]
0,82
1,[ 1.07428789]
0,83
1,[ 1.05442238]
